1 136
2 136
3 136
4 136
5 134
6 134
7 132
8 132
9 130
10 130
11 132
12 132
13 132
14 132
15 130
16 130
17 130
18 132
19 132
20 132
21 130
22 130
23 128
24 128
25 128
26 126
27 126
28 128
29 128
30 128
31 126
31 124
31 122
30 120
29 118
28 118
27 118
26 118
25 118
24 118
23 118
22 118
21 116
20 116
19 116
18 116
17 114
16 114
15 114
14 114
13 114
12 116
11 116
10 114
9 112
8 110
7 110
6 110
5 110
4 110
3 110
2 110
1 110
37 124
36 126
36 128
37 130
38 132
39 132
39 134
38 136
37 136
36 136
35 136
34 138
34 140
35 142
36 142
36 144
37 144
38 144
39 144
40 146
41 146
42 146
43 146
44 146
45 146
46 146
45 148
44 150
43 152
42 152
41 152
40 152
39 152
38 152
37 152
36 152
35 154
34 154
33 154
32 156
31 156
30 158
31 160
32 160
33 160
34 160
35 160
36 160
37 160
38 158
39 158
40 158
41 158
42 156
43 156
44 156
45 156
46 154
47 154
48 154
49 152
50 150
50 148
51 146
52 146
53 146
54 146
54 144
55 146
56 148
57 148
58 148
59 148
60 146
61 146
61 146
62 144
63 142
64 142
65 142
66 142
66 142
66 140
66 138
66 136
66 134
66 132
66 130
66 128
66 126
66 124
66 122
66 120
66 118
66 116
66 114
66 112
65 112
64 112
63 112
62 110
62 110
61 108
60 108
59 108
58 108
57 108
56 108
55 108
54 106
53 106
52 104
51 104
50 106
49 108
48 108
47 108
46 108
45 108
44 110
43 110
42 110
41 110
40 110
39 112
38 114
36 118
37 118
38 118
39 116
39 118
38 120
37 122
37 124
14 168
19 162
12 176
15 174
66 144
66 146
66 148
67 148
68 148
69 148
70 148
71 148
71 150
72 150
73 150
73 152
74 152
75 152
76 152
76 154
76 156
77 156
78 156
79 156
79 158
79 160
80 160
81 160
82 160
82 162
82 164
83 164
84 164
84 166
84 168
83 170
82 172
81 174
80 176
80 178
81 178
82 178
82 180
82 182
82 184
83 184
84 184
85 184
86 184
86 186
86 188
87 188
88 188
89 188
89 190
90 190
90 192
91 192
92 192
93 192
93 194
93 196
93 198
93 200
94 200
95 202
96 202
97 204
98 206
99 208
100 210
101 212
102 214
103 214
103 212
103 210
103 208
102 206
101 204
100 202
99 200
99 198
100 198
101 198
102 200
103 200
104 200
105 202
106 202
107 204
108 204
109 206
110 206
111 208
112 208
113 210
114 210
114 212
114 214
115 216
116 216
117 216
118 216
119 216
120 216
121 216
122 216
123 218
124 220
125 220
126 220
127 220
128 220
129 222
130 222
131 222
132 224
133 226
134 226
135 226
136 226
137 226
138 226
139 228
140 228
141 228
142 228
143 228
144 228
145 228
146 228
147 230
147 232
147 234
147 236
146 236
145 236
144 236
143 236
142 238
141 238
140 240
139 240
138 242
137 244
137 246
136 248
136 250
136 252
137 254
138 256
139 256
140 258
141 258
142 258
143 258
143 260
143 262
144 264
145 264
146 266
146 268
147 268
148 270
149 272
150 272
151 272
151 274
151 276
151 278
151 280
151 282
150 284
149 286
149 288
148 290
147 292
146 294
146 296
146 298
146 300
146 302
147 304
148 306
149 308
150 310
150 312
149 314
149 316
149 318
150 320
151 322
152 324
153 324
154 324
155 324
156 322
156 320
155 320
154 322
157 322
157 320
157 318
157 316
158 314
159 312
160 312
161 312
162 312
162 310
162 308
162 306
163 304
164 302
165 302
166 302
167 302
168 302
169 302
170 300
171 300
172 298
173 298
174 296
174 294
174 292
175 292
176 290
177 290
178 290
179 290
180 290
181 290
182 290
182 288
182 286
182 284
183 282
184 280
185 278
185 278
186 276
187 276
188 276
189 276
190 276
191 274
192 272
193 272
194 270
195 270
196 268
197 268
198 266
199 266
200 264
200 262
200 260
201 258
202 256
202 254
202 252
201 250
200 248
199 248
198 250
197 250
195 252
196 250
197 248
197 246
197 244
196 244
195 244
194 244
193 244
192 244
191 244
190 244
189 242
188 242
187 242
186 242
185 242
184 242
183 242
183 240
182 238
182 236
182 234
181 232
180 230
179 230
179 232
178 230
177 228
176 226
175 226
174 226
173 226
172 226
171 226
170 226
169 224
168 224
167 224
166 222
165 222
164 222
163 222
162 220
161 220
160 220
159 220
158 222
157 222
156 222
155 222
154 220
153 220
152 220
151 220
150 220
149 220
148 222
147 222
146 224
145 224
144 222
143 220
142 218
141 218
140 218
139 218
138 218
137 218
136 216
135 216
134 216
134 214
135 212
136 210
136 208
135 208
134 208
133 210
132 212
131 214
130 214
129 214
128 214
127 212
126 210
125 208
124 206
124 204
124 202
125 200
126 198
127 196
128 196
129 196
130 194
131 194
132 194
133 194
134 196
135 196
136 196
137 198
138 200
139 202
140 202
141 204
142 204
143 202
144 200
144 198
145 196
146 194
147 192
148 192
149 190
150 188
150 186
151 184
152 182
153 182
154 182
155 182
156 180
157 178
158 176
159 174
160 174
161 176
162 178
163 178
164 176
165 174
166 172
166 170
166 168
165 166
166 164
167 162
168 162
169 162
170 162
171 162
172 160
173 160
174 158
174 156
173 156
172 156
171 156
170 156
169 158
168 158
167 156
167 154
167 152
167 150
168 148
168 146
168 144
168 142
167 142
166 142
165 144
164 144
163 144
162 144
161 144
160 142
159 142
158 140
157 140
156 138
155 138
154 138
153 138
152 138
151 138
150 138
149 138
148 138
147 140
146 142
146 144
147 146
147 148
146 150
145 152
144 154
144 156
145 158
146 160
148 164
147 166
146 166
145 166
144 164
143 162
142 162
141 162
140 160
139 160
138 158
137 158
136 156
135 156
134 154
133 154
132 152
131 152
130 150
129 150
128 148
127 148
126 146
126 144
127 142
128 140
129 140
130 138
130 136
129 134
129 132
128 130
129 130
130 128
131 128
132 128
133 128
133 128
134 128
135 126
136 124
137 124
138 124
139 124
140 124
140 122
140 120
141 120
141 118
140 116
139 116
138 116
137 116
136 118
135 118
134 118
133 118
132 116
131 114
130 112
129 110
128 108
127 106
126 106
125 108
124 110
124 112
125 114
125 116
124 118
123 120
122 120
121 120
120 120
119 120
118 120
117 122
116 122
115 122
114 122
113 122
112 120
111 120
110 120
109 120
108 122
107 122
106 122
105 122
104 122
103 122
102 122
101 120
100 120
99 120
98 118
97 118
96 118
95 118
94 116
93 116
92 116
91 116
90 116
89 116
88 114
87 114
86 112
85 110
84 110
83 110
82 110
81 110
80 112
79 112
78 112
77 112
76 112
75 110
74 110
73 110
72 110
71 112
70 112
69 112
68 112
67 112
66 112
84 170
85 170
86 170
87 170
88 170
89 170
90 170
91 170
92 170
93 170
94 170
95 170
96 170
97 170
98 170
99 170
100 170
101 170
102 170
103 170
104 170
105 170
106 170
107 170
108 170
109 170
110 170
111 170
112 170
113 170
114 170
115 170
116 170
117 170
118 170
119 172
120 174
121 174
122 174
123 174
124 174
125 174
126 172
126 170
125 170
124 170
123 170
122 170
121 170
120 170
119 170
127 174
128 176
128 178
128 180
128 182
129 184
130 186
131 186
132 186
131 186
132 186
132 184
133 184
135 184
134 184
133 184
132 184
133 184
134 184
135 184
136 184
137 184
138 184
139 182
140 182
141 180
142 178
142 176
141 176
143 176
142 176
141 176
140 176
139 176
138 176
137 174
136 174
135 174
134 174
133 174
132 174
132 174
131 174
130 176
129 176
128 176
145 178
146 180
147 180
148 180
149 180
150 180
151 182
123 204
122 204
122 202
122 200
121 198
120 196
119 196
118 196
117 196
116 194
115 192
114 192
113 192
112 190
111 190
110 190
109 190
108 190
107 190
106 190
105 190
104 190
103 190
102 190
101 190
100 190
99 190
98 190
97 190
96 190
95 190
94 190
93 190
92 190
129 220
130 220
130 218
131 218
132 218
133 218
134 218
134 216
138 218
137 220
136 222
136 224
135 226
140 224
139 226
141 222
142 220
155 224
154 226
154 228
155 230
156 232
157 234
157 236
157 238
158 240
158 242
157 242
156 242
155 242
154 242
153 242
152 242
151 242
150 242
149 242
148 240
147 240
146 240
145 240
144 240
143 240
142 240
141 240
140 240
137 252
138 252
139 252
140 252
141 252
142 252
143 252
143 250
144 250
144 248
145 246
146 246
147 244
148 244
149 242
159 240
160 238
161 238
162 238
163 238
164 240
165 240
166 240
167 240
168 242
169 242
170 242
171 242
172 240
173 238
174 238
175 238
176 238
177 238
178 238
179 236
180 234
181 232
173 236
173 234
174 232
174 230
174 228
174 226
176 228
176 230
176 232
176 234
176 236
176 238
165 238
166 238
167 236
168 234
168 232
167 232
166 232
165 232
164 232
164 234
164 236
164 238
164 240
168 232
168 230
168 228
168 226
168 224
156 244
155 246
154 248
153 250
152 252
152 254
152 256
153 258
153 260
153 262
153 264
153 266
153 268
153 270
154 272
155 274
156 276
156 278
156 280
156 282
156 284
155 286
154 288
153 290
152 292
151 294
151 296
151 298
151 300
151 302
151 304
151 306
152 308
152 310
152 312
151 314
150 316
149 318
151 320
152 318
153 318
154 318
155 318
156 318
157 318
171 294
172 294
173 294
172 294
171 294
170 294
169 294
168 292
167 290
166 288
165 286
165 284
166 284
166 282
166 280
165 278
164 278
163 278
162 278
161 276
160 276
159 276
158 276
157 276
160 274
159 274
159 272
158 270
158 268
157 266
156 266
155 266
163 276
163 274
163 272
163 270
164 270
165 270
166 270
167 270
168 270
169 272
170 272
171 274
172 276
173 276
174 278
174 280
174 282
173 282
172 282
171 282
170 282
169 282
168 282
167 282
173 282
174 284
174 286
175 288
175 290
174 276
174 274
174 272
173 270
172 268
171 266
171 264
170 264
169 264
168 264
167 264
166 262
165 260
164 258
163 258
162 258
161 258
160 258
159 258
158 258
157 258
156 256
155 256
154 256
153 256
153 334
152 334
152 338
153 340
154 340
155 340
156 340
157 340
158 340
159 338
160 336
161 334
161 332
160 332
159 332
158 332
157 332
156 332
155 332
154 332
153 332
152 334
152 336
145 332
144 334
166 320
132 198
131 202
141 212
144 212
171 174
172 176
173 178
174 178
175 178
176 178
177 176
177 174
177 172
177 170
177 168
176 168
175 168
174 170
173 172
172 172
171 174
88 86
89 84
90 82
91 82
92 80
93 78
93 76
93 74
92 74
91 74
90 74
89 74
88 74
87 76
86 78
85 80
84 82
83 84
83 86
84 88
85 90
86 90
86 88
87 86
86 98
85 100
85 102
85 104
86 106
87 106
88 104
89 104
90 102
91 100
92 98
92 96
91 96
90 96
89 96
88 96
87 98
99 96
98 96
97 98
96 100
96 102
96 104
97 104
98 104
99 106
100 106
101 106
102 106
103 106
104 108
105 108
105 108
104 108
103 108
102 108
101 110
100 112
101 114
102 114
103 114
104 114
105 114
106 114
107 114
108 114
109 114
110 112
111 112
112 112
113 112
114 114
115 112
116 110
117 108
116 106
115 104
114 102
113 100
112 98
111 98
110 98
109 98
108 98
107 98
106 96
105 94
104 94
103 94
102 94
101 94
100 94
99 94
98 96
98 74
99 72
100 70
101 70
102 70
103 70
104 70
105 70
106 70
106 72
105 74
104 76
103 78
102 78
101 78
100 76
99 74
101 82
100 82
99 82
98 84
97 86
96 88
96 90
97 90
98 90
99 90
100 90
101 88
102 90
103 90
104 90
105 88
106 88
107 86
107 84
106 82
105 80
104 80
103 80
102 82
101 84
117 102
118 104
119 104
120 104
121 104
122 102
123 100
122 96
121 94
120 92
119 92
118 92
118 94
117 94
117 96
117 98
125 94
126 92
127 92
128 92
129 92
129 94
128 96
127 96
126 94
121 84
120 82
119 80
118 80
117 80
116 82
115 84
115 86
116 88
118 88
119 86
120 84
118 68
119 70
119 72
118 72
117 72
116 70
117 68
106 48
105 48
104 48
103 48
102 48
101 50
101 52
102 54
103 54
104 52
104 50
109 60
110 60
111 60
111 58
110 56
109 54
108 54
107 56
106 58
106 60
107 60
108 60
121 40
120 42
120 44
120 46
119 48
119 50
120 52
121 54
122 54
123 54
124 54
125 52
126 50
127 48
127 46
127 44
127 42
127 40
126 40
125 40
124 40
123 40
122 40
138 42
138 44
138 46
138 48
139 50
140 52
141 54
142 54
143 54
144 54
145 56
144 58
143 60
142 62
141 64
140 64
139 66
138 68
137 70
137 72
138 72
139 74
139 76
138 78
137 80
136 82
135 84
136 86
137 86
138 86
139 86
140 86
141 86
142 86
143 86
144 86
145 84
146 84
147 82
148 82
149 80
151 80
152 78
152 76
152 74
152 74
151 74
150 74
149 74
148 74
147 72
148 70
149 70
150 70
151 70
152 70
153 68
154 68
155 66
156 66
157 64
158 64
158 62
158 60
158 58
159 58
160 58
161 56
162 54
162 52
162 50
162 48
162 46
162 44
163 42
164 40
165 40
166 42
167 44
168 46
169 48
170 50
171 52
170 54
170 56
171 56
172 56
172 58
172 60
171 62
170 62
169 62
168 62
167 62
166 62
165 62
164 64
164 66
165 68
166 70
167 72
167 74
166 74
165 76
164 78
162 80
161 80
160 80
159 82
158 84
157 86
157 88
158 90
159 90
160 90
161 90
162 90
163 90
164 90
165 92
166 92
167 94
168 94
169 96
170 96
171 98
172 98
173 100
174 100
175 102
176 102
175 104
174 106
174 108
174 110
175 112
176 114
176 116
176 118
177 120
178 122
178 124
177 126
176 128
176 130
177 132
178 134
179 136
180 136
181 136
182 138
183 138
184 140
185 140
186 142
187 142
188 144
189 142
190 142
191 140
192 140
193 138
194 138
195 136
196 136
197 134
198 134
198 132
198 130
198 128
199 126
200 124
201 124
202 124
203 124
204 122
205 122
206 122
207 120
208 120
209 118
210 116
211 116
211 114
211 112
210 112
209 112
208 112
207 114
206 114
205 114
204 114
203 112
203 110
204 108
205 106
206 106
207 106
208 108
209 108
210 108
211 108
212 108
213 108
214 108
215 108
216 106
216 104
216 104
215 102
214 102
213 102
212 102
211 102
210 100
210 98
211 96
212 96
213 96
214 96
215 96
216 98
217 98
218 96
219 94
219 92
219 90
218 88
218 86
218 84
220 82
221 80
222 80
223 78
223 76
223 74
224 72
225 72
225 70
225 68
225 66
224 66
223 68
222 70
221 70
220 72
219 74
218 74
217 74
216 74
216 72
217 70
218 68
218 66
217 66
216 66
215 66
214 66
213 66
212 66
211 66
210 66
209 66
208 68
206 66
205 66
204 64
204 62
205 60
206 58
207 58
208 58
209 58
210 60
211 62
212 62
213 60
214 58
215 56
215 54
215 52
214 50
213 48
212 46
211 44
210 42
210 40
210 38
210 36
141 98
141 100
140 102
139 102
138 102
137 102
136 100
135 98
134 100
133 102
133 104
133 106
135 108
136 108
137 108
138 108
139 108
140 108
141 108
142 110
143 110
144 112
145 112
146 112
147 112
148 114
149 116
150 118
151 120
152 122
151 124
150 126
149 128
149 130
149 132
150 132
151 132
152 132
153 132
154 134
155 134
156 134
157 134
158 134
158 132
158 130
159 130
160 130
160 128
160 126
159 126
158 124
159 124
160 124
161 124
162 126
163 128
164 130
165 128
166 126
166 124
166 122
166 120
165 118
164 118
163 118
162 116
162 114
161 112
160 110
159 108
158 108
157 108
156 108
155 108
154 106
154 106
153 106
152 106
151 106
150 106
149 104
148 104
147 104
146 104
145 104
144 102
143 102
142 100
138 90
139 92
139 94
138 96
137 98
136 96
135 94
134 92
133 90
133 88
134 88
135 88
136 88
137 90
216 138
217 140
218 140
219 140
220 140
221 140
222 138
223 136
224 134
225 134
225 132
225 130
225 128
224 128
223 128
222 130
221 130
220 132
219 134
218 134
217 134
216 132
215 130
214 128
213 128
212 128
211 128
210 128
209 130
209 132
210 134
211 136
212 136
213 136
213 138
214 138
215 138
227 92
226 90
225 90
224 90
223 90
224 92
225 92
226 92
227 92
247 92
247 94
248 96
249 98
250 100
251 100
252 100
253 100
254 98
255 96
256 94
256 92
255 90
254 90
253 90
252 88
251 88
250 88
249 86
248 86
247 86
246 86
246 88
247 90
248 92
262 80
261 80
260 82
260 84
261 86
262 86
263 86
264 84
264 82
263 80
270 96
271 94
272 92
271 92
285 62
284 64
284 66
285 66
285 64
285 62
288 76
287 76
287 74
288 72
289 72
290 72
290 74
289 76
288 78
297 70
297 74
297 72
297 70
297 68
304 66
304 64
298 54
297 52
298 50
299 50
300 50
301 50
301 52
300 52
299 52
303 58
304 56
305 56
306 58
306 60
305 60
304 60
303 60
302 58
314 98
313 98
312 98
311 98
310 98
309 100
308 100
307 98
306 96
306 94
307 92
308 90
309 90
310 90
311 90
312 90
313 92
314 92
315 94
316 96
316 98
311 106
310 104
309 104
308 104
307 104
306 106
306 108
307 110
308 110
309 110
310 108
311 106
353 56
352 56
352 58
352 60
353 60
354 60
355 60
356 62
357 60
358 58
358 56
357 54
356 52
355 52
354 52
353 52
353 54
352 54
359 72
358 74
358 76
359 78
360 78
361 78
362 78
363 76
364 74
365 72
365 70
365 68
364 66
363 66
362 66
362 68
361 70
360 72
367 74
367 76
368 78
369 80
370 80
371 80
372 78
373 76
374 74
374 72
374 70
373 70
372 72
371 74
370 74
369 74
368 74
407 86
407 88
407 90
408 92
409 92
410 92
411 92
412 92
413 94
414 94
415 94
416 92
416 90
416 88
416 86
415 84
414 82
413 80
411 82
410 82
409 84
408 86
423 90
424 90
424 80
423 98
422 98
422 112
423 110
424 108
424 106
424 104
423 104
422 106
421 106
420 106
419 104
418 104
417 104
416 106
415 106
414 106
413 106
412 106
411 106
410 106
409 108
408 108
407 108
406 108
405 108
404 108
403 110
402 110
401 110
399 108
399 106
398 104
397 102
396 102
395 102
394 102
393 100
393 102
394 104
393 106
392 106
391 106
390 104
389 104
388 102
387 102
386 102
385 100
384 100
383 102
382 104
381 104
380 104
379 104
378 104
377 104
376 104
375 106
374 106
373 108
373 106
373 104
373 102
374 100
375 98
376 98
377 98
378 98
378 96
377 94
376 92
375 92
374 90
373 90
372 90
371 90
370 92
370 90
370 88
369 88
368 88
367 90
366 90
365 92
364 92
363 94
362 94
361 96
360 96
359 96
358 96
357 96
356 96
355 96
354 96
353 96
352 96
351 98
350 98
349 98
348 98
347 98
346 100
345 100
344 100
343 100
342 102
343 102
344 102
345 102
346 104
347 106
348 108
348 110
347 112
346 112
345 110
344 110
343 108
342 108
341 108
340 106
339 106
338 106
337 106
336 106
335 104
334 104
334 106
334 108
334 110
335 112
336 114
337 116
337 118
337 120
336 120
335 122
334 122
333 122
332 122
331 122
330 122
329 122
328 124
327 124
326 124
325 124
325 122
326 120
327 118
328 116
328 114
328 112
328 110
328 108
327 106
326 106
325 108
324 110
323 110
322 110
321 112
322 114
322 116
321 116
320 116
319 116
318 116
317 116
316 118
315 118
314 118
313 118
312 120
311 122
310 124
309 124
308 124
307 124
306 124
306 122
307 120
307 118
306 118
305 120
304 120
303 122
302 122
301 124
300 124
299 124
298 124
297 122
296 122
295 122
294 124
293 124
292 126
291 128
290 130
289 130
288 130
287 130
286 130
285 130
284 130
283 130
282 128
282 126
283 124
284 124
285 124
286 126
287 126
288 124
288 122
288 120
288 118
287 116
286 116
285 116
284 116
283 116
282 116
281 116
280 114
279 114
278 114
277 114
276 114
275 114
274 114
273 114
272 114
271 112
270 112
269 112
268 112
267 112
266 112
265 114
264 116
263 118
262 118
261 118
260 118
259 120
258 120
257 120
256 122
255 124
254 126
253 126
252 128
251 130
250 130
249 132
248 134
247 134
246 136
245 138
245 140
245 142
245 144
246 146
247 146
248 144
249 142
250 140
251 138
252 138
253 136
254 136
255 134
256 132
257 130
258 128
259 126
260 124
261 124
262 124
263 122
264 120
265 120
266 120
266 118
266 116
266 114
266 116
266 118
266 120
266 122
267 122
268 124
269 126
269 128
269 130
268 132
267 134
266 136
265 136
264 138
263 140
262 142
261 142
260 144
259 146
258 146
257 148
257 150
256 150
255 150
254 148
253 148
252 148
251 146
250 146
249 146
248 146
247 146
268 136
269 138
270 140
271 140
272 140
273 140
274 140
275 140
276 140
276 138
276 136
277 136
278 136
278 134
278 132
278 130
278 128
279 128
280 128
281 128
277 142
278 144
277 146
277 148
276 148
275 148
274 148
273 148
272 150
271 150
270 152
269 154
268 154
267 156
266 158
265 158
264 158
263 158
262 158
261 158
260 158
259 158
258 158
257 158
256 156
255 156
254 154
253 152
252 152
251 154
250 156
249 158
248 160
247 162
246 162
245 164
244 164
243 164
242 164
241 166
240 168
239 170
238 170
237 170
236 170
235 170
234 170
233 170
232 172
231 174
232 172
233 172
234 172
235 174
236 174
237 176
236 178
236 180
235 180
234 180
233 180
232 180
231 178
230 178
229 178
228 176
227 176
226 178
226 180
225 182
224 184
223 186
222 188
222 190
223 190
224 190
225 190
226 188
227 188
227 186
227 184
227 182
227 180
228 178
227 190
228 192
229 192
230 194
231 194
232 192
233 190
234 190
235 190
236 190
237 190
238 190
239 188
240 186
241 184
242 182
243 180
242 180
241 180
240 180
239 180
238 178
237 178
244 180
245 178
246 176
247 178
248 180
249 180
250 182
251 182
252 184
253 186
254 188
255 190
256 190
256 188
257 188
258 188
259 188
259 186
258 186
257 184
256 182
256 180
256 178
256 176
257 176
258 176
259 176
260 178
261 178
262 178
263 180
264 182
265 184
266 186
267 188
268 190
269 190
270 190
271 188
272 188
273 190
274 192
275 192
276 192
277 192
278 192
277 194
277 196
277 198
278 198
279 198
280 198
281 200
282 200
283 202
284 202
285 204
286 206
287 206
288 208
289 208
290 210
291 210
292 212
293 214
294 216
295 218
296 220
297 222
298 224
299 224
300 224
301 224
302 224
303 222
304 220
305 218
306 216
307 214
308 212
307 212
306 210
305 210
305 210
304 210
303 210
302 210
302 208
301 208
300 208
299 208
298 208
297 206
296 204
295 204
294 204
293 202
294 200
295 198
296 200
297 200
298 202
299 202
300 202
301 202
302 202
302 204
303 206
304 206
305 206
306 206
307 206
308 206
309 206
310 206
311 206
312 206
313 206
314 206
315 206
316 206
317 208
318 210
319 210
320 212
321 212
322 214
323 214
324 216
325 218
326 220
327 222
328 224
328 226
328 228
328 230
328 232
329 234
329 236
330 238
331 236
332 234
333 234
334 232
335 232
336 230
337 230
338 228
338 226
338 224
339 222
340 220
341 218
342 218
343 218
344 218
345 216
346 216
347 216
348 216
349 218
350 220
351 222
352 224
353 224
356 230
357 232
356 234
356 236
357 238
358 238
359 240
360 240
361 242
362 244
363 244
363 242
363 240
363 238
363 236
363 234
364 234
365 234
366 234
366 234
368 234
369 234
370 234
371 234
372 234
372 232
372 230
373 228
373 226
372 224
371 222
370 220
371 218
372 218
373 216
374 216
375 216
376 216
377 216
378 216
379 216
380 214
381 212
382 212
383 210
384 208
385 208
386 208
387 208
387 206
387 204
387 202
386 200
385 198
384 196
383 194
384 194
385 194
386 194
387 194
387 192
386 190
385 190
384 190
383 190
382 190
382 188
383 186
384 184
385 184
386 184
387 186
388 186
389 186
390 186
391 188
392 188
393 188
393 190
394 192
395 194
396 196
397 196
399 194
400 192
401 190
402 190
402 188
401 186
401 184
402 182
403 182
404 182
405 182
406 182
407 182
408 180
409 178
410 178
411 176
411 176
411 178
411 176
411 174
411 172
411 170
411 168
411 166
411 164
410 164
409 164
408 164
407 164
406 166
405 164
405 162
405 160
405 158
406 156
407 156
408 154
409 152
410 150
411 150
412 148
413 148
414 148
415 148
416 148
417 148
418 150
419 152
420 154
421 152
422 150
423 150
424 150
425 150
426 148
427 146
428 144
429 142
430 142
431 142
432 142
433 142
434 142
435 144
434 146
434 148
435 150
436 152
435 154
434 156
433 158
432 160
431 162
431 164
432 166
432 168
433 168
434 168
435 166
436 164
437 164
438 164
439 164
439 162
439 160
439 158
439 156
440 154
441 152
442 150
443 150
444 150
444 148
445 148
446 148
447 146
448 144
449 144
450 144
451 144
452 144
453 144
454 144
455 144
456 144
457 144
457 142
457 140
457 138
457 136
458 136
459 136
460 136
461 136
462 136
463 136
464 134
465 132
465 130
465 128
464 126
463 124
462 122
461 122
460 122
459 122
458 122
457 120
456 120
455 118
454 118
453 118
452 118
451 118
450 118
449 118
448 120
447 120
446 120
445 120
444 120
442 122
441 122
440 120
439 118
438 116
437 114
436 112
435 114
434 114
433 114
432 112
431 112
430 112
429 112
428 112
427 112
426 112
425 112
424 112
423 112
422 112
403 180
403 178
403 176
403 174
401 172
400 170
399 168
398 166
397 164
396 162
395 160
394 160
393 160
393 160
392 160
391 160
390 160
388 160
388 162
387 164
387 166
387 168
386 168
385 168
384 168
383 168
382 166
381 166
380 166
379 166
378 166
377 166
376 166
375 166
374 164
373 164
372 164
371 164
370 166
369 168
368 170
367 170
366 170
365 170
364 170
363 170
362 170
361 170
360 170
359 168
358 168
357 168
356 168
355 168
354 168
353 168
352 168
351 168
350 168
349 168
348 170
347 172
346 174
346 176
347 178
348 178
349 178
350 178
351 178
352 178
353 180
354 180
355 182
356 182
357 184
358 184
359 186
360 186
361 186
362 186
363 186
364 186
365 186
366 186
367 186
368 186
369 186
370 186
371 184
372 182
373 182
374 180
375 178
376 178
377 178
378 178
379 178
380 176
381 176
382 176
383 174
384 174
385 172
386 170
387 168
345 176
344 176
343 176
342 176
341 176
340 176
339 178
338 178
337 180
336 182
335 182
334 184
333 184
332 186
331 188
330 188
329 190
329 192
329 194
329 196
329 194
329 192
329 190
330 190
330 192
330 194
330 196
331 196
332 198
333 198
334 200
335 202
336 204
337 206
338 206
339 208
340 210
341 210
342 210
343 210
344 210
345 210
346 210
347 212
348 212
349 212
350 212
351 214
352 216
353 216
352 218
351 220
356 208
355 206
354 204
353 204
352 204
351 204
350 204
349 204
348 204
347 204
346 204
345 206
345 208
345 210
347 212
348 210
349 208
349 206
356 208
356 210
357 212
356 212
355 212
354 212
353 214
352 216
358 212
358 214
358 216
359 218
360 218
361 220
362 220
363 220
364 220
365 220
365 222
364 224
363 224
362 224
361 226
361 228
362 228
363 228
364 228
365 228
366 228
367 228
368 228
369 228
370 228
371 228
372 228
331 198
330 198
329 198
328 198
327 200
326 202
325 204
324 206
323 208
323 210
317 204
316 204
315 204
315 202
315 200
315 198
315 196
315 194
316 194
317 194
318 194
319 194
319 192
320 190
321 190
322 190
323 190
324 190
325 190
326 190
327 190
328 190
329 190
314 194
314 192
314 190
313 188
312 188
311 188
310 188
309 188
308 188
307 188
306 188
305 188
304 186
303 184
302 182
302 180
302 178
303 176
303 174
303 172
302 172
301 172
300 172
299 172
298 172
298 174
297 176
296 178
296 180
296 182
296 184
296 186
297 188
298 188
299 188
300 188
301 188
303 188
304 188
303 188
302 188
301 188
296 186
295 186
294 186
293 184
292 182
291 180
290 180
289 180
288 180
287 178
286 176
285 174
284 174
283 174
282 174
281 174
280 174
279 174
278 176
277 174
276 172
275 170
274 170
273 170
272 168
271 166
270 164
270 162
270 160
269 158
268 156
257 160
257 162
256 162
255 164
254 166
254 168
253 170
252 172
251 172
250 172
249 172
248 170
247 168
246 166
245 164
258 162
259 162
260 164
261 166
262 166
263 166
264 166
265 166
266 166
267 166
268 164
269 162
258 164
259 166
260 168
260 170
259 172
258 174
247 176
248 174
249 172
259 172
260 174
261 174
262 174
263 174
264 174
265 174
266 174
266 172
267 170
268 168
268 166
268 164
267 176
268 178
269 180
270 180
271 180
272 180
273 180
274 180
275 178
276 178
277 176
278 174
272 170
272 172
271 174
270 176
269 176
272 188
272 186
273 184
274 184
275 184
276 182
277 182
278 182
279 182
280 182
281 182
282 182
283 182
284 182
285 182
286 180
287 180
288 180
293 198
293 196
293 194
293 192
292 192
291 192
290 190
289 190
288 190
287 190
286 190
285 190
284 190
283 190
282 190
281 190
280 190
279 190
278 192
277 194
276 196
292 198
291 198
290 198
289 198
288 196
287 196
286 196
285 196
284 196
283 198
239 158
239 156
240 156
240 154
240 152
239 150
238 148
237 146
238 144
238 142
237 142
236 142
235 142
234 142
233 142
234 144
235 144
234 146
233 148
233 150
233 152
233 154
232 154
231 154
230 156
230 158
231 158
230 160
231 160
232 160
233 158
234 158
235 158
236 158
237 158
238 156
239 156
240 154
224 156
223 158
222 160
221 162
221 164
222 164
223 164
223 162
223 160
224 160
224 158
224 156
409 186
408 188
407 190
406 192
406 194
407 196
408 198
409 198
410 198
411 196
412 194
413 192
414 190
414 188
414 186
413 186
412 186
411 186
410 186
397 228
396 226
395 224
394 222
393 222
392 222
391 222
390 222
389 222
389 224
390 226
391 228
392 230
393 232
394 232
395 232
395 230
396 230
397 228
397 226
384 232
383 240
382 240
381 240
380 240
379 240
378 240
377 238
376 238
375 238
374 240
373 242
373 244
372 246
371 248
371 250
372 250
373 250
374 250
375 250
376 250
377 248
378 248
379 246
380 244
381 244
382 242
382 240
385 242
385 252
380 252
377 264
384 260
388 258
362 254
361 252
360 250
359 248
358 246
357 246
356 246
355 246
354 244
353 244
352 242
351 242
350 242
350 244
350 246
351 248
352 250
353 252
354 252
355 252
356 254
357 254
358 254
359 256
360 256
361 256
362 256
362 254
437 256
437 258
445 274
446 274
447 272
448 270
447 270
446 272
445 274
439 276
448 294
449 294
450 296
451 298
452 300
452 302
451 304
450 306
449 308
448 308
448 306
447 304
447 302
447 300
447 298
448 296
435 318
434 316
434 314
435 312
436 312
437 312
438 310
439 310
440 312
441 314
442 316
442 318
441 320
440 322
439 324
438 324
437 324
436 322
435 320
434 318
415 312
414 314
413 314
412 314
412 312
413 312
414 314
415 304
416 302
417 300
418 298
419 298
420 296
421 296
422 294
423 292
424 290
425 288
425 286
425 284
425 282
425 280
424 280
423 280
422 280
421 278
421 276
421 274
421 272
420 272
419 272
418 272
417 270
416 268
415 266
414 264
413 264
412 264
411 266
411 268
411 270
411 270
410 270
409 270
408 268
407 266
406 266
405 266
404 266
403 264
402 262
401 260
400 260
399 260
398 262
397 262
396 264
395 264
394 266
393 266
392 268
391 268
390 268
389 268
388 268
387 270
386 270
385 272
384 272
383 272
382 272
381 272
380 272
379 272
378 272
377 272
376 272
375 274
374 274
373 276
372 276
371 278
371 280
372 282
372 284
371 286
371 288
371 290
372 292
372 294
372 294
372 296
372 298
371 300
371 302
372 304
373 304
374 304
375 304
376 302
377 300
378 300
379 298
380 298
381 296
382 296
383 296
384 294
385 294
386 294
387 294
388 292
389 292
390 290
391 290
392 292
393 292
394 294
395 294
396 294
397 296
398 296
399 298
400 298
401 300
402 300
403 302
404 302
405 304
406 304
407 304
408 304
409 304
410 306
411 306
412 306
413 306
414 256
415 258
416 260
417 260
418 260
419 260
420 258
420 256
420 254
419 252
418 250
417 250
416 250
415 250
414 250
413 248
412 248
411 248
410 248
409 248
408 248
407 246
406 246
405 246
404 246
403 244
402 244
401 244
400 244
399 244
399 246
400 248
400 248
401 250
402 250
403 250
404 250
405 252
406 252
407 252
408 252
409 254
410 254
411 254
412 254
413 256
414 256
275 202
274 202
273 200
272 200
271 200
270 200
269 198
268 198
267 196
266 196
265 196
264 196
263 196
262 198
261 200
260 202
259 204
258 204
257 204
256 202
255 200
254 198
253 196
252 194
251 192
250 192
249 192
248 194
247 196
246 196
245 196
244 196
243 196
242 196
241 196
240 196
239 196
238 196
237 196
236 198
235 198
234 198
233 198
232 198
231 198
230 198
229 200
228 200
227 200
226 200
225 200
224 200
223 202
222 204
221 204
220 204
219 204
218 206
217 206
216 208
215 208
214 210
213 210
212 212
211 212
210 214
209 216
209 218
209 220
209 222
210 224
211 226
211 228
210 228
209 230
208 232
208 234
209 236
210 236
211 236
212 236
213 236
214 236
215 238
216 238
217 238
218 238
219 240
220 242
221 242
222 242
223 242
224 242
225 242
226 242
227 244
228 244
229 246
230 246
231 248
232 248
233 248
234 248
235 250
235 252
235 254
236 256
237 258
238 260
239 262
240 262
241 264
241 266
240 268
239 270
238 272
239 274
240 276
241 278
242 278
243 280
244 282
245 284
246 284
247 284
248 286
249 288
250 288
250 290
249 292
248 294
249 296
250 298
251 298
252 298
253 298
254 296
255 296
256 296
257 296
258 296
259 296
260 296
261 296
262 296
263 294
264 294
265 292
266 292
267 292
268 290
269 290
270 290
271 288
272 288
273 286
273 284
273 282
272 282
271 282
270 282
269 282
268 282
267 282
266 282
265 282
264 282
263 284
262 284
261 284
260 284
259 284
258 286
257 286
256 286
255 288
254 288
254 286
253 286
252 288
251 290
250 292
274 282
275 280
276 278
277 276
278 274
279 272
280 270
281 268
282 266
283 264
284 262
285 260
286 258
287 256
286 254
285 252
285 250
286 248
287 248
288 248
289 248
290 246
291 244
292 242
293 240
294 238
295 236
296 234
297 232
298 230
297 230
296 230
295 230
294 230
293 228
292 228
291 228
290 228
289 228
288 226
287 226
286 224
285 222
284 220
283 218
282 216
282 214
282 212
282 210
281 208
280 206
279 204
278 202
277 202
276 202
269 198
269 200
269 202
268 202
267 202
267 204
267 206
268 208
268 210
268 212
268 214
267 214
266 214
265 214
264 216
263 216
262 216
261 216
260 216
259 216
258 214
257 212
256 210
255 210
254 210
253 210
252 208
251 206
251 204
251 202
250 200
249 198
248 196
235 196
235 198
235 200
234 202
233 202
232 202
231 202
230 204
229 204
228 206
227 206
226 206
225 206
224 206
223 206
222 206
221 206
220 206
219 206
226 208
225 210
224 212
223 212
222 212
221 212
221 214
222 214
223 214
224 214
225 212
226 212
227 212
228 212
229 210
230 210
231 210
232 210
233 210
234 208
235 208
235 210
236 212
237 214
238 214
239 214
240 214
241 214
242 214
243 214
244 214
245 212
246 212
247 212
248 212
249 210
250 210
251 210
252 210
253 212
254 214
253 216
252 216
251 216
250 216
249 218
248 218
248 218
247 218
246 220
245 222
244 222
243 222
242 222
241 222
240 222
239 222
238 222
237 222
236 224
235 224
234 226
233 228
234 230
235 230
236 230
237 230
238 232
239 234
240 234
241 234
242 236
243 238
243 236
243 234
244 234
244 232
244 230
244 228
243 228
242 226
241 226
240 226
239 226
238 226
237 226
236 226
235 226
234 226
243 226
244 226
245 228
246 228
247 228
248 226
249 226
250 224
251 224
252 224
253 222
254 222
255 220
256 218
256 216
256 214
256 212
269 214
270 214
271 212
272 212
273 212
274 212
275 212
276 212
277 212
278 212
279 212
280 210
285 224
284 226
283 226
282 226
281 226
280 226
279 226
278 228
278 230
278 232
279 234
280 236
281 238
281 240
280 242
279 244
278 242
277 240
276 240
275 238
274 238
273 236
272 236
271 236
270 236
269 236
268 236
267 234
266 232
265 232
264 230
264 228
264 226
264 224
263 222
263 220
263 218
263 216
263 230
262 232
261 234
260 236
259 236
258 236
257 236
256 238
255 238
254 240
253 242
252 244
251 246
250 248
249 248
248 248
247 248
246 248
245 250
244 250
243 250
242 250
241 250
240 250
239 252
238 252
237 252
236 252
235 252
243 248
244 250
245 252
246 252
247 252
248 252
249 252
250 252
251 252
252 252
253 252
254 252
255 254
256 254
257 256
258 256
258 258
258 260
258 262
258 264
259 266
260 268
261 268
262 270
263 272
264 274
265 276
266 276
267 276
268 276
269 276
270 276
271 278
272 280
273 280
275 270
275 272
275 274
275 276
275 268
276 266
275 264
274 262
273 262
272 262
271 260
270 258
269 256
268 256
267 256
266 256
265 256
264 256
263 256
262 254
261 254
260 254
259 254
257 254
258 254
259 254
273 258
274 258
275 258
276 258
277 258
277 256
277 254
277 252
277 250
278 250
279 248
280 246
281 246
282 246
283 248
284 250
276 252
275 252
274 252
273 252
272 250
272 248
273 244
273 242
272 240
271 238
255 238
254 238
253 240
252 240
251 240
250 240
249 240
248 240
247 240
246 240
245 240
244 240
243 240
242 238
241 238
240 240
239 242
238 244
237 246
236 244
235 244
234 244
233 244
232 244
231 244
230 244
230 242
230 240
231 240
232 240
232 238
232 236
232 234
232 232
232 230
231 230
230 230
229 230
228 230
227 230
226 230
225 230
224 230
223 230
222 228
221 228
220 230
219 232
218 234
217 236
216 238
221 238
222 238
223 238
223 236
224 236
225 236
226 236
227 236
227 234
228 234
228 232
228 230
228 228
223 226
224 226
224 224
224 222
223 222
222 222
221 222
220 222
219 222
218 222
217 222
216 224
215 224
214 224
213 224
212 224
222 220
222 218
223 218
224 218
225 218
226 218
227 218
228 218
229 218
230 216
231 216
232 216
233 218
235 218
236 218
237 218
238 218
238 216
238 214
240 270
241 270
242 270
243 270
244 270
245 270
246 268
247 268
248 268
249 268
250 270
251 270
252 272
253 272
254 274
255 274
256 276
257 278
258 278
259 280
260 280
261 282
262 284
285 282
285 280
285 278
285 276
284 274
284 272
284 270
285 268
286 266
287 264
288 262
289 262
290 262
291 262
292 264
292 266
292 268
292 270
292 272
293 274
293 276
292 278
291 280
290 282
289 284
288 286
287 288
286 290
285 290
284 290
284 288
284 286
285 284
285 282
298 228
299 226
300 226
355 228
355 226
355 224
354 224
353 224
